Grupo 1 TP=100 PM=0.01 PR=0.3 TT=2 	164.65	161.21	164.62	160.82	164.65	163.21	164.65	164.65	164.65	164.65	164.65	164.65
Grupo 2 TP=100 PM=0.01 PR=0.5 TT=2 	164.62	161.16	164.65	161.28	164.65	164.10	164.65	164.65	164.65	164.65	164.65	164.65
Grupo 3 TP=100 PM=0.01 PR=0.7 TT=2 	164.62	162.44	164.65	161.38	164.65	164.31	164.65	164.65	164.65	164.65	164.65	164.65
Grupo 4 TP=100 PM=0.0 PR=0.7 TT=2 	164.62	160.73	163.24	160.55	164.65	164.13	164.65	164.65	164.65	164.65	164.65	164.65
Grupo 5 TP=100 PM=0.001 PR=0.7 TT=2 	164.65	160.64	164.65	161.18	164.65	164.41	164.65	164.65	164.65	164.65	164.65	164.65
Grupo 6 TP=100 PM=0.01 PR=0.7 TT=2 	164.65	161.44	164.62	160.92	164.65	164.39	164.65	164.65	164.65	164.65	164.65	164.65
Grupo 7 TP=100 PM=0.05 PR=0.7 TT=2 	164.65	161.32	164.65	161.93	164.65	164.44	164.65	164.65	164.65	164.65	164.65	164.65
Grupo 8 TP=10 PM=0.01 PR=0.7 TT=2 	162.89	142.45	161.48	147.64	162.89	153.91	164.65	163.19	164.65	163.62	164.65	164.52
Grupo 9 TP=50 PM=0.01 PR=0.7 TT=2 	164.65	158.38	164.65	159.18	164.65	163.07	164.65	164.65	164.65	164.65	164.65	164.65
Grupo 10 TP=100 PM=0.01 PR=0.7 TT=2 	164.65	162.07	164.62	161.37	164.65	164.00	164.65	164.65	164.65	164.65	164.65	164.65
Grupo 11 TP=100 PM=0.01 PR=0.7 TT=2 	164.65	161.69	164.65	161.53	164.65	164.09	164.65	164.65	164.65	164.65	164.65	164.65
Grupo 12 TP=100 PM=0.01 PR=0.7 TT=5 	162.89	160.30	164.65	161.95	164.65	164.24	164.65	164.65	164.65	164.65	164.65	164.65
Grupo 13 TP=100 PM=0.01 PR=0.7 TT=10 	164.62	161.47	164.65	161.58	164.65	163.31	164.65	164.65	164.65	164.65	164.65	164.65
Grupo 1 TP=100 PM=0.01 PR=0.3 TT=2 	164.65	161.03	164.65	160.96	164.65	163.42	164.65	164.53	164.65	164.65	164.65	164.65
Grupo 2 TP=100 PM=0.01 PR=0.5 TT=2 	164.65	162.06	164.65	161.76	164.65	163.55	164.65	164.65	164.65	164.65	164.65	164.65
Grupo 3 TP=100 PM=0.01 PR=0.7 TT=2 	164.62	162.07	164.65	161.94	164.65	164.14	164.65	164.65	164.65	164.65	164.65	164.65
Grupo 4 TP=100 PM=0.0 PR=0.7 TT=2 	164.65	160.63	163.24	160.35	164.65	164.39	164.65	164.65	164.65	164.65	164.65	164.65
Grupo 5 TP=100 PM=0.001 PR=0.7 TT=2 	164.62	161.37	162.65	160.12	164.65	163.82	164.65	164.65	164.65	164.65	164.65	164.65
Grupo 6 TP=100 PM=0.01 PR=0.7 TT=2 	164.62	162.40	164.65	161.01	164.65	164.05	164.65	164.65	164.65	164.65	164.65	164.65
Grupo 7 TP=100 PM=0.05 PR=0.7 TT=2 	164.65	162.39	164.65	162.50	164.65	164.18	164.62	159.61	164.65	160.23	164.65	164.24	164.65	164.65	164.65	164.65	164.65	164.65
	164.62	160.92	164.62	161.17	164.65	163.55	164.65	164.65	164.65	164.65	164.65	164.65
	164.65	162.05	164.62	161.57	164.65	164.50	164.65	164.65	164.65	164.65	164.65	164.65
	164.62	162.00	163.24	160.59	164.65	164.19	164.65	164.65	164.65	160.41	164.65	160.82	164.65	163.70	164.65	164.65	164.65	164.65	164.65	164.65
	164.62	160.80	164.65	161.03	164.65	163.90	164.65	164.65	164.65	164.65	164.65	164.65
	164.62	162.17	164.65	162.18	164.65	163.65	164.65	164.65	164.65	164.65	164.65	164.65
	164.65	160.99	164.62	160.84	164.65	164.41	164.65	164.65	164.65	164.65	164.65	164.65
	164.65	160.48	164.62	160.36	164.65	164.64	164.65	164.65	164.65	164.65	164.65	164.65
	164.65	162.60