# Resultados de Testes de Batch (Total de 14 Cenários)
# Formato: [ID do Cenário] \n [Média 5.txt] \n [MBF 5.txt] \n ... (até 500.txt)

SA1.1_VelocMax
72.28
72.28
164.65
163.50
499.30
494.23
684.98
677.15
1753.73
1735.04
3419.04
3381.31

SA1.3_Base
72.28
72.28
164.65
163.77
499.54
495.98
689.36
684.37
1794.45
1784.54
3578.10
3556.98

SA1.4_BaseIgual
72.28
72.28
164.65
163.84
499.54
497.87
688.42
685.13
1793.34
1782.96
3579.63
3560.26

SA1.5_TmaxAlto
72.28
72.28
164.65
163.71
499.54
497.16
690.73
684.54
1789.48
1783.03
3579.78
3562.67

SA1.6_RigorLento
72.28
72.02
164.65
164.22
499.30
497.07
691.73
686.53
1794.41
1786.37
3595.93
3575.80

SA1.7_RigorMax
72.28
72.28
164.65
164.65
499.54
499.54
692.01
692.01
1805.48
1805.42
3613.40
3613.24

SA1.8_RigorMaxIgual
72.28
72.28
164.65
164.65
499.54
499.54
692.01
692.01
1805.48
1805.44
3613.40
3613.19

SA1.1_VelocMax
72.28
72.28
164.65
162.03
494.38
486.64
676.45
658.09
1680.73
1646.06
3249.74
3147.62

SA1.3_Base
72.28
72.28
164.65
163.79
499.54
495.45
690.37
683.73
1785.39
1767.47
3546.74
3526.86

SA1.4_BaseIgual
72.28
72.28
164.62
163.08
498.13
495.82
688.19
684.57
1783.37
1771.91
3555.21
3519.02

SA1.5_TmaxAlto
72.28
72.28
164.65
163.76
499.54
495.10
690.82
684.83
1787.62
1773.70
3539.21
3514.10

SA1.6_RigorLento
72.28
72.28
164.65
162.73
499.54
496.65
690.55
686.69
1791.48
1784.41
3582.45
3567.80

SA1.7_RigorMax
72.28
72.28
164.65
164.65
499.54
499.54
692.01
691.90
1805.48
1804.92
3613.36
3612.85

SA1.8_RigorMaxIgual
72.28
72.28
164.65
164.65
499.54
499.54
692.01
692.00
1805.48
1805.22
3613.40
3612.92

